 1.90000000e+001 2.13000000e+002
 2.39000000e+002 1.49000000e+002
 2.99000000e+002 9.60000000e+001
 2.04000000e+002 2.45000000e+002
 2.71000000e+002 1.66000000e+002
 1.22000000e+002 2.70000000e+001
 2.24000000e+002 1.33000000e+002
 1.47000000e+002 1.65000000e+002
 2.33000000e+002 6.50000000e+001
 1.04000000e+002 8.40000000e+001
 1.54000000e+002 2.32000000e+002
 2.68000000e+002 9.40000000e+001
 5.90000000e+001 1.56000000e+002
 1.51000000e+002 1.74000000e+002
 2.75000000e+002 3.00000000e+001
 2.44000000e+002 8.30000000e+001
 2.74000000e+002 2.93000000e+002
 2.54000000e+002 1.20000000e+001
 1.59000000e+002 1.53000000e+002
 1.21000000e+002 1.88000000e+002
 2.41000000e+002 2.41000000e+002
 1.17000000e+002 1.54000000e+002
 3.50000000e+001 2.53000000e+002
 1.54000000e+002 1.42000000e+002
 9.40000000e+001 2.95000000e+002
 8.70000000e+001 2.32000000e+002
 1.62000000e+002 2.41000000e+002
 6.80000000e+001 5.10000000e+001
 1.49000000e+002 2.60000000e+002
 1.28000000e+002 2.16000000e+002
 3.30000000e+001 8.70000000e+001
 1.40000000e+001 1.27000000e+002
 9.10000000e+001 7.30000000e+001
 1.30000000e+002 2.03000000e+002
 1.98000000e+002 8.90000000e+001
 2.50000000e+002 2.30000000e+001
 1.24000000e+002 2.63000000e+002
 1.61000000e+002 3.00000000e+002
 2.91000000e+002 1.80000000e+002
 8.80000000e+001 1.47000000e+002
 2.20000000e+002 8.50000000e+001
 5.00000000e+001 1.73000000e+002
 2.50000000e+001 1.66000000e+002
 1.50000000e+001 9.50000000e+001
 1.97000000e+002 1.48000000e+002
 2.08000000e+002 1.80000000e+001
 2.81000000e+002 2.90000000e+001
